466
-256
-369
789
-198
-297
-92
637
576
372
521
-558
855
-623
-75
-201
349
43
-298
-1000
-245
216
867
114
-550
-585
-328
963
-526
272
-696
-245
-836
-899
652
796
-421
-45
-1000
722
-531
606
-702
-74
10
-237
-943
71
453
804
-918
-166
297
-356
-768
-855
-927
-228
-355
-790
-954
97
422
-959
-196
896
900
-988
-871
743
-12
347
-584
464
-585
177
431
-992
-895
-167
-760
816
-326
445
-872
878
-837
614
847
956
-4
-368
445
927
-313
-650
-240
396
34
264
-956
664
-29
-226
537
577
942
-671
-157
631
93
-678
-697
516
738
-368
291
-502
672
25
-36
-212
957
-12
-952
-966
-113
573
-481
-914
373
-981
246
102
313
101
979
484
-502
-587
844
243
437
717
-405
699
704
494
103
430
826
-328
-836
988
-860
115
352
729
-430
-681
-488
510
935
-438
-95
-227
936
-806
-134
785
-497
417
556
-37
-425
-230
378
485
961
513
878
-192
-522
932
-306
-782
679
198
-145
455
916
715
116
-539
739
17
-424
-946
299
717
829
-155
104
51
353
486
-445
752
-104
416
-25
325
-534
585
-13
-887
594
-93
-245
-231
465
-688
751
34
456
122
10
482
-818
-609
825
637
-534
39
963
-397
-232
-231
-91
-594
-894
-823
418
-780
980
-454
500
91
461
492
-156
-264
-6
53
500
-17
491
-402
-291
128
953
-313
-193
518
796
-82
872
621
-313
606
-161
-85
330
-166
-870
-400
-735
146
8
513
918
-693
883
-896
178
417
620
-39
-180
885
-857
-339
-406
221
-838
906
-805
-416
-817
35
762
435
677
-505
-966
686
-349
-982
96
-154
-30
351
-392
-910
32
276
646
-160
-513
-438
-624
-223
951
999
-20
931
-286
59
282
-726
15
150
336
-186
-339
-558
532
-732
-531
932
244
289
910
-983
502
-486
230
-182
712
251
385
-784
-787
-629
-142
400
281
-389
-83
-498
-30
814
760
5
430
609
-392
635
-720
343
-4
-795
-391
946
-921
420
-623
-625
233
-96
260
583
82
29
-542
-377
373
802
-372
-765
-137
461
759
371
17
-404
147
207
-997
-97
473
129
218
-197
-869
143
836
575
-269
-633
184
178
991
-970
765
814
-341
-993
-809
-817
-751
680
83
305
761
-905
-216
-447
-616
923
-552
132
-582
-942
738
442
-649
497
-736
-713
29
-371
-586
67
410
199
-868
987
-859
843
-22
-145
15
894
-109
-648
-126
765
-750
587
-209
-333
11
464
52
279
-162
-296
-379
335
-303
650
768
219
-360
-177
-5
-478
511
113
725
693
-169
-434
86
-167
-359
-340
-733
-411
13
689
31
169
-265
530
-460
832
930
-352
-462
551
570
628
405
625
-387
697
768
-765
-911
625
-579
113
752
994
-978
788
386
583
-469
278
357
250
724
846
-415
-268
-99
-36
-493
-349
912
937
975
251
740
-233
737
209
-415
382
640
-707
523
353
494
-406
907
49
-95
-735
-751
180
718
-237
0
-575
-948
124
-491
-412
-126
-555
-708
-260
-317
-369
51
-751
-763
-54
-682
-728
-875
-667
79
45
-219
725
440
838
-122
-856
-684
-721
-379
-187
-558
699
876
752
288
181
-610
-993
324
67
84
207
-626
845
736
16
-387
513
674
-1
529
98
452
-419
-579
-196
-85
-552
502
-688
833
-398
209
329
523
-513
72
16
944
764
660
-927
-909
466
-169
371
-904
-385
-285
-176
830
488
-527
603
-633
-996
101
329
332
532
375
-236
-357
478
227
-947
725
-407
693
555
-226
-644
-770
855
119
-609
-235
-305
-309
-760
660
168
-365
-991
-613
301
-515
-229
228
488
-703
188
-82
55
962
594
803
-973
-837
528
-849
294
784
-2
626
-191
-653
234
-416
-147
273
-502
576
95
-895
-479
365
529
817
-69
996
84
11
-277
-533
631
-931
666
94
-995
-690
92
392
-545
-19
309
-65
-195
-534
-632
-306
326
-897
-79
739
-458
-129
258
145
-49
587
420
-653
193
849
798
-686
288
-863
565
858
-632
873
-969
-790
695
-302
78
-318
-982
-140
-325
652
658
-382
289
242
-745
-326
352
215
-985
33
-129
-479
803
-823
352
569
375
-117
285
-43
-598
687
-213
-33
-766
971
496
937
64
930
135
753
-328
588
343
526
990
442
-655
-813
-900
-734
303
-728
56
210
-17
963
843
-431
-826
272
405
-680
-224
632
-226
476
870
493
-409
-193
485
-571
-503
-647
382
-314
-696
-101
-143
388
31
-498
247
-373
442
-142
-452
-38
19
-8
54
649
182
718
-947
89
-74
215
-518
634
-451
466
-147
-931
915
-438
-316
293
-953
-565
637
64
455
-584
-391
-684
658
162
668
-744
-636
688
15
-513
-166
-537
-542
18
13
937
-667
962
565
57
-754
884
-805
-523
-420
-32
-321
-254
-803
726
-643
-772
259
-303
-546
-500
873
896
-174
741
-843
909
193
710
536
443
-951
-974
195
-825
332
-794
498
959
101
-204
-745
-784
645
-305
-964
871
-448
691
951
-993
902
-943
813
563
775
584
923
-33
415
650
-827
-630
665
937
674
-787
-633
-988
-763
-378
230
-592
-115
896
-617
-852
895
936
-65
108
87
-987
952
-835
900
651
953
520
-142
928
516
892
-693
-799
-640
-852
806
52
-617
302
280
685
535
-89
709
351
-345
641
-748
-407
669
125
747
-918
179
-898
55
