The size of the matrix is 10
The number of threads is 2
Max number of threads is 4
Before swap
[4.8905e+09][-3.14597e+09][-7.77829e+09][-1.55322e+09][-8.37778e+09][7.12881e+09][-2.40116e+07][-4.23714e+08][3.81625e+09][6.69188e+09]
[-7.42003e+08][1.55276e+09][6.79455e+08][-9.4822e+09][5.39624e+09][2.02273e+09][8.17666e+09][-2.12304e+08][7.19795e+08][-6.61809e+07]
[-1.24725e+09][-3.00645e+09][8.43844e+09][-8.79217e+09][7.19788e+09][9.4398e+09][6.97807e+09][-4.96245e+09][-5.88429e+09][-8.06456e+09]
[-3.9626e+09][4.5697e+09][-8.89206e+09][-4.52076e+09][-4.20457e+09][1.3146e+09][7.10351e+09][-5.67798e+09][6.03461e+09][6.33695e+09]
[-5.72631e+09][-8.22531e+09][1.14348e+09][4.95702e+08][7.28242e+09][8.66322e+09][-7.2208e+09][8.89285e+08][3.84395e+08][-4.13006e+09]
[-3.7796e+09][-7.85881e+08][-6.17524e+09][-7.2869e+09][-4.99585e+09][7.60235e+08][-8.60112e+09][8.56277e+07][6.25744e+09][8.86102e+09]
[3.74549e+09][-4.30508e+09][-4.79054e+09][-9.78952e+09][2.3832e+09][-1.87612e+09][-2.30027e+08][7.99255e+08][-5.37039e+09][6.79014e+09]
[-3.08734e+09][2.35079e+09][-7.09878e+09][1.54669e+09][-6.90023e+09][-5.07552e+09][8.57702e+09][-5.71229e+09][6.38108e+09][5.46965e+09]
[2.28034e+09][6.45573e+09][2.41177e+09][-4.94922e+09][2.31412e+09][-7.94109e+09][8.83919e+09][-7.47902e+09][8.60057e+08][2.28331e+09]
[9.74991e+09][-9.28868e+09][4.7692e+09][1.91833e+09][-4.35187e+09][6.65377e+09][2.24089e+09][-8.18853e+09][-4.67689e+09][1.70259e+09]
Swapping row 0 with row 1
After swap
[-7.42003e+08][1.55276e+09][-7.77829e+09][-1.55322e+09][-8.37778e+09][7.12881e+09][-2.40116e+07][-4.23714e+08][3.81625e+09][6.69188e+09]
[4.8905e+09][-3.14597e+09][6.79455e+08][-9.4822e+09][5.39624e+09][2.02273e+09][8.17666e+09][-2.12304e+08][7.19795e+08][-6.61809e+07]
[-1.24725e+09][-3.00645e+09][8.43844e+09][-8.79217e+09][7.19788e+09][9.4398e+09][6.97807e+09][-4.96245e+09][-5.88429e+09][-8.06456e+09]
[-3.9626e+09][4.5697e+09][-8.89206e+09][-4.52076e+09][-4.20457e+09][1.3146e+09][7.10351e+09][-5.67798e+09][6.03461e+09][6.33695e+09]
[-5.72631e+09][-8.22531e+09][1.14348e+09][4.95702e+08][7.28242e+09][8.66322e+09][-7.2208e+09][8.89285e+08][3.84395e+08][-4.13006e+09]
[-3.7796e+09][-7.85881e+08][-6.17524e+09][-7.2869e+09][-4.99585e+09][7.60235e+08][-8.60112e+09][8.56277e+07][6.25744e+09][8.86102e+09]
[3.74549e+09][-4.30508e+09][-4.79054e+09][-9.78952e+09][2.3832e+09][-1.87612e+09][-2.30027e+08][7.99255e+08][-5.37039e+09][6.79014e+09]
[-3.08734e+09][2.35079e+09][-7.09878e+09][1.54669e+09][-6.90023e+09][-5.07552e+09][8.57702e+09][-5.71229e+09][6.38108e+09][5.46965e+09]
[2.28034e+09][6.45573e+09][2.41177e+09][-4.94922e+09][2.31412e+09][-7.94109e+09][8.83919e+09][-7.47902e+09][8.60057e+08][2.28331e+09]
[9.74991e+09][-9.28868e+09][4.7692e+09][1.91833e+09][-4.35187e+09][6.65377e+09][2.24089e+09][-8.18853e+09][-4.67689e+09][1.70259e+09]
